t 4 12
-100 -120 -180
150 -120 -180
75 100 -180
-100 -120 -180
150 -120 -180
75 -120 -80
-100 -120 -180
75 100 -180
75 -120 -80
150 -120 -180
75 100 -180
75 -120 -80
0 1 2
3 4 5
6 7 8
9 10 11
0 250 154 0 0.5 0 0.1 0.9 2000
s 0 140 -20 50 49 225 247 0.8 0.1 0.1 0 0 50
s 150 100 30 60 0 250 154 0 0.5 0 0.1 0.9 2000
s -100 100 140 40 153 50 204 0.8 0.1 0.1 0.3 0 50
p 300 0 0 -1 0 0 255 0 0 0.8 0.1 0.1 0 0 50
p 0 -400 0 0 1 0 0 0 128 0.8 0.1 0.1 0 0 50
p 0 0 -200 0 0 1 50 205 50 0.4 0.1 0.1 0.8 0.0 50
c 640 480 200 0 0 1 -50 200 400 0 0 0
l 280 370 50 104 104 104 
l 200 100 300 104 104 104 
l -200 100 300 104 104 104 
l 0 200 200 104 104 104 
a 255 255 255